image: indoor_map.pgm
resolution: 0.050000
origin: [-13.811586, -9.947736, 0.000000]
negate: 0
occupied_thresh: 0.65
free_thresh: 0.196

